
power = 2032.45960629358
throughput = 4974.78
composite = 3179.78606201693
